Fallout 1
474
242
186
143
130
122
114
90
92
86
91
78
76
3.3
74
65
63
63
57
59
77

Fallout 4: YOLO
883
526
573
410
415
316
324
293
272
249
246
286
262
211
205
191
215
216
212
197
162
190
224
192
184
175
167
154
184
168
148
134
181
152
155
142
126
141
113
120
120
117
106
120
109
123
115
114
138
105
110
125
99
104
104
96
121
100

Fallout: TTW
465
283
224
219
190
181
167
173
175
149
132
142
118
121
123
107
107
105
113
114
124
110
115
95
97
100
91
97
92
92
90
91
85
91
93
86
76
73
76
73
75
68
64

Fallout 4: Survival Mode
1800
940
829
653
506
503
444
486
396
432
366
342
347
303
352
307
267
296
265
251
244
269
239
236
223
229
185
223
212
190
181
204
201
182
185
175
175
178
163
188
162
177
143
153
143
155
168
158
142
156
135
127
121
119
119
109
108
110
116
107
111
125
121
123
112
111
98
109
104
116
110
139

Fallout 3: YOLO
749
517
418
335
291
245
296
237
285
267
236
222
214
191
187
212
169
160
139
134
143
136
132
151
148
149
153
147
133
118
107
135
143
133
117
291

Fallout New Vegas: YOLO
1100
503
398
371
332
336
311
261
236
252
250
262
251
248
214
217
199
228
192
216
176
234
269
182
158
139
199
160
148
124
131
234
158
146
171
161
146
150
150
187
153
127
123
121
372

Fallout New Vegas: Utter Chaos
302
173
142
135
123
125
120
118
96
90
84
80
80
81
74
66
63
62
64
63

Fallout 4: Frost
960
395
378
336
350
279
282
224
223
224
247
217
200
167
144
159
144
133
148
142
151
131
135
116
118
109
114
109
111
121
105
100
136

Fallout New Vegas: JSawyer
943
486
395
321
320
266
272
249
257
239
233
232
216
217
203
207
187
174
222
199
176
223
205
182
166
158
140
146
178
161
147
131
129
126
131
146
124
130
117
128
116
136
127
123

Fallout 3: Kill Everything
1800
1000
727
589
596
479
472
432
458
432
377
357
340
357
375
322
307
309
297
285
277
258
233
341
259
216
219
219
205
354

Fallout 4: No Guns
692
403
259
277
279
245
226
224
203
181
169
208
183
177
183
174
136
153
145
142
118
142
118
139
119
130

Fallout New Vegas: Dust
690
300
264
231
195
162
143
159
137
153
120
121
112
109
127
109
119
111
88
90
106

Fallout New Vegas: The Worst Courier
504
380
311
282
206
202
177
176

Fallout 4 Nuka World: Level One Survival
531
351
324
241
206
180
152
139
127
117
106
115
101
109
99
94
95

Fallout: New California
432
204
174
134
111
96
83
67
66
63
55
77

Fallout New Vegas: No Kill
639
323
278
263
204
173
154
138
135
125
128
111
123
113
119
104
111
145
119

Fallout 2
525
221
177
148
134
111
112
88
105
89
99
88
78
71
78
74
70
62
60
63
62
60
55
50
48
40
48
66

Fallout New Vegas: Kill Everything
2200
848
723
659
613
520
499
426
431
390
414
505






